Small: 0.0015709008023612142 +/- 0.0005888958145823799
Medium (Median): 0.006415104487709461 +/- 0.0025349478952106574
Large: 0.024312397807567797 +/- 0.013394693554875308
