Small: 0.0012941769463701398 +/- 0.0006463825702365238
Medium (Median): 0.004133977116625424 +/- 0.0010442882717919845
Large: 0.03357794607030026 +/- 0.027367261092793256
