Small: 0.0026519735239178104
(Median): 0.006141882563144644
Large: 0.012610522253556255
