Small: 0.0024780973361487857
Medium (Median): 0.006108787460407699
Large: 0.013918873328996963
