Small: 0.003689072822479766
(Median): 0.006141882563144644
Large: 0.009032764222150743
